[2458979.67208, nan, nan, nan, nan],
[2459043.62931, nan, nan, nan, nan],
[2459044.62305, nan, nan, nan, nan],
[2459176.00939, nan, nan, nan, nan],
[2459187.97904, nan, nan, nan, nan],
[2459245.87319, nan, nan, -815.808, 0.254],
[2459246.86892, 33.605, 0.276, 21.030, 0.342],
[2459303.67884, nan, nan, nan, nan],
[2459304.77712, nan, nan, nan, nan],
[2459327.77066, nan, nan, nan, nan],
[2459328.66012, 48.627, 2.396, 104.920, 0.196],
[2459328.71338, 48.190, 2.868, 113.110, 0.215],
[2459329.72210, 37.453, 0.375, 15.647, 0.422],
[2459364.64072, nan, nan, nan, nan],
[2459563.00509, nan, nan, nan, nan]
