#Star/Date/EWs/Redshifts/BVCORRs/BJDs/Limits/Guesses
HUVir/2020-05-10/-3.7272541313220877/7.408458752046624e-05/-19.74/2458979.7004218716/[3964.0851125418408, 3974.0851125418408]/[6380.41964408516, 3969.0851125418408, 1, 3697.0830752215415]
HUVir/2021-01-31/-3.057116463566987/-0.00015137139044028627/24.736/2459245.9533729968/[3962.6247503235054, 3972.6247503235054]/[7153.947172161987, 3967.6247503235054, 1, 3744.199841568367]
HUVir/2021-03-30/-3.492092055596469/0.00014776889811601325/-0.986/2459303.79537234/[3963.9312641479937, 3973.9312641479937]/[6975.894551345847, 3968.9312641479937, 1, 4479.812929549863]
HUVir/2021-04-01/-1.5404623428044113/1.8112530852594852e-05/-1.882/2459305.752263983/[3963.5823159218194, 3973.5823159218194]/[3750.133508408161, 3968.5823159218194, 1, 3170.0365768227193]
HUVir/2021-04-23/-2.3599607976961616/-8.699351834911119e-05/-12.5/2459327.680295672/[3963.40449635935, 3973.40449635935]/[6487.3354122094825, 3968.40449635935, 1, 3213.7260956762616]
HUVir/2021-04-24/-3.055223843395397/-0.0001413644673173057/-13.101/2459328.731004195/[3963.1478534670273, 3973.1478534670273]/[3980.9369718147504, 3968.1478534670273, 1, 3415.166839711475]
HUVir/2021-04-25/-2.5548371206243132/-0.00014183145706304478/-13.568/2459329.7373210415/[3963.117074130843, 3973.117074130843]/[5065.191342578943, 3968.117074130843, 1, 3559.807207806664]
HUVir/2021-05-04/-0.4836866070351995/-0.00012535339032053675/-17.496/2459338.7675645286/[3963.2465901708133, 3973.2465901708133]/[1204.8386335102016, 3968.2465901708133, 1, 1577.5067701407736]
HUVir/2021-05-29/-0.2507801772063125/6.264333874985845e-05/-25.387/2459363.631987794/[3964.2460941496383, 3974.2460941496383]/[1081.1139897326923, 3969.2460941496383, 1, 1549.3673473572455]
HUVir/2021-05-29/-3.1078490460762724/6.577884132839235e-05/-25.483/2459363.6681375154/[3964.008572346185, 3974.008572346185]/[5669.053369184605, 3969.008572346185, 1, 3310.091340566822]
HUVir/2021-05-30/-2.7898118338059836/0.00012938951598013892/-25.697/2459364.65690089/[3963.2299248094773, 3973.2299248094773]/[15306.977289133245, 3968.2299248094773, 1, 3708.482135470344]
HUVir/2021-12-14/-4.156007158538943/0.00016031090843014894/29.28/2459563.0146970465/[3963.618912081835, 3973.618912081835]/[5447.052393493868, 3968.618912081835, 1, 3876.136758717876]
