#Star/Date/EWs/Redshifts/BVCORRs/BJDs/Limits/Guesses
FNCom/2019-12-06/-2.6730491888542023/6.974825416717465e-05/28.136/2458824.008255289/[3962.859043331595, 3972.859043331595]/[6686.990961979369, 3967.859043331595, 1, 4364.269880070395]
FNCom/2020-05-10/-4.290494935614644/-2.3449556518184497e-05/-22.157/2458979.709228956/[3963.711074312481, 3973.711074312481]/[9119.515877499172, 3968.711074312481, 1, 5467.007280395341]
FNCom/2020-07-12/-0.8527540067155783/-0.00010387186201653844/-25.846/2459042.664186903/[3963.3218262938444, 3973.3218262938444]/[4420.768632399449, 3968.3218262938444, 1, 3679.3304014455307]
FNCom/2020-12-04/-3.4552628366494726/0.00016448045973139084/28.008/2459187.9950586716/[3963.5390895115243, 3973.5390895115243]/[9324.689743073382, 3968.5390895115243, 1, 7137.959181610409]
FNCom/2021-01-31/-3.0655144399031933/-9.606646198061358e-06/20.601/2459245.9085900737/[3963.2677221834015, 3973.2677221834015]/[10584.176112210562, 3968.2677221834015, 1, 7463.362677446132]
FNCom/2021-02-01/-3.934268719402219/-0.00011898231593223912/20.169/2459246.935931229/[3962.6759177436616, 3972.6759177436616]/[11928.664380456623, 3967.6759177436616, 1, 6948.574443080866]
FNCom/2021-03-30/-2.92305013034788/-0.0001248196877539778/-5.522/2459303.69980668/[3963.0862959922656, 3973.0862959922656]/[5676.271442697091, 3968.0862959922656, 1, 4241.527461437774]
FNCom/2021-03-31/-5.022076688291456/-4.6932469446778926e-05/-6.272/2459304.7984247725/[3963.2582709226435, 3973.2582709226435]/[10941.191002370731, 3968.2582709226435, 1, 6310.942016088708]
FNCom/2021-04-23/-3.451794762180292/-4.870035919850549e-06/-16.272/2459327.734561821/[3963.7415830121886, 3973.7415830121886]/[6634.964544991778, 3968.7415830121886, 1, 5429.747636330542]
FNCom/2021-04-24/-5.173788989944521/0.00011954937490920802/-16.681/2459328.7420666446/[3964.303010312432, 3974.303010312432]/[17897.448536939388, 3969.303010312432, 1, 9318.030133535958]
FNCom/2021-05-02/-1.8346239267064286/-4.573163867202126e-05/-19.754/2459336.801178159/[3963.2264758854517, 3973.2264758854517]/[6194.376528879009, 3968.2264758854517, 1, 2421.743462374129]
FNCom/2021-05-29/-3.0273194622530495/0.00016694883410172602/-26.373/2459363.6793610486/[3964.382157790407, 3974.382157790407]/[7129.511113837669, 3969.382157790407, 1, 2025.727824514175]
FNCom/2021-05-30/-1.077731522856264/3.245578732886702e-05/-26.499/2459364.665780637/[3963.8417845892727, 3973.8417845892727]/[10544.14561807775, 3968.8417845892727, 1, 2480.3996533197633]
