#Star/Date/EWs/Redshifts/BVCORRs/BJDs/Limits/Guesses
FNCom/2019-12-06/-6.8008523040162565/6.974825416717465e-05/28.136/2458824.008255289/[3931.428702010657, 3935.428702010657]/[4593.845813823656, 3933.428702010657, 1, 3560.642389419002]
FNCom/2020-05-10/-9.033061506581172/-2.3449556518184497e-05/-22.157/2458979.709228956/[3931.9199170357974, 3935.9199170357974]/[11667.225862103242, 3933.9199170357974, 1, 8029.858563319055]
FNCom/2020-07-12/-5.594061166447657/-0.00010387186201653844/-25.846/2459042.664186903/[3931.4794590635806, 3935.4794590635806]/[41112.70193694102, 3933.4794590635806, 1, 27393.799019404418]
FNCom/2020-12-04/-9.969234004153972/0.00016448045973139084/28.008/2459187.9950586716/[3932.422620586221, 3936.422620586221]/[4874.701434116866, 3934.422620586221, 1, 2740.5088158047492]
FNCom/2021-01-31/-6.620096842258741/-9.606646198061358e-06/20.601/2459245.9085900737/[3931.2177602239026, 3935.2177602239026]/[20912.79584359086, 3933.2177602239026, 1, 14947.193047380637]
FNCom/2021-02-01/-8.9571889991188/-0.00011898231593223912/20.169/2459246.935931229/[3930.883481774359, 3934.883481774359]/[13904.18736170954, 3932.883481774359, 1, 6814.518040965198]
FNCom/2021-03-30/1.3349918080440881/-0.0001248196877539778/-5.522/2459303.69980668/[3930.9435677111824, 3934.9435677111824]/[9328.986771434611, 3932.9435677111824, 1, 2401.876618821335]
FNCom/2021-03-31/-12.655401035606097/-4.6932469446778926e-05/-6.272/2459304.7984247725/[3931.400194990018, 3935.400194990018]/[13303.900787375993, 3933.400194990018, 1, 9343.713419596601]
FNCom/2021-04-23/-11.607546324232084/-4.870035919850549e-06/-16.272/2459327.734561821/[3931.934005630838, 3935.934005630838]/[7264.834277605489, 3933.934005630838, 1, 3325.7277301410118]
FNCom/2021-04-24/-8.524930681966486/0.00011954937490920802/-16.681/2459328.7420666446/[3932.5293077837255, 3936.5293077837255]/[9214.49193267793, 3934.5293077837255, 1, 5125.613275383538]
FNCom/2021-05-02/-3.949863490551561/-4.573163867202126e-05/-19.754/2459336.801178159/[3931.457777916925, 3935.457777916925]/[6662.54283487917, 3933.457777916925, 1, 3002.8525826556292]
FNCom/2021-05-29/-6.4923473901275255/0.00016694883410172602/-26.373/2459363.6793610486/[3932.640883077421, 3936.640883077421]/[6947.5360774083565, 3934.640883077421, 1, 2665.936849802589]
FNCom/2021-05-30/-5.203537464496808/3.245578732886702e-05/-26.499/2459364.665780637/[3932.0355024733726, 3936.0355024733726]/[3883.8071990117037, 3934.0355024733726, 1, 2659.608601335584]
