#Star/Date/EWs/Redshifts/BVCORRs/BJDs/Limits/Guesses
HUVir/2020-05-10/-9.267256646469443/7.408458752046624e-05/-19.74/2458979.7004218716/[3929.3163519439004, 3939.3163519439004]/[9404.446376609329, 3934.3163519439004, 1, 5213.289643515316]
HUVir/2021-01-31/-6.4132831138685376/-0.00015137139044028627/24.736/2459245.9533729968/[3927.7181632614115, 3937.7181632614115]/[10972.934248910715, 3932.7181632614115, 1, 4289.361053185141]
HUVir/2021-03-30/-7.020714023289125/0.00014776889811601325/-0.986/2459303.79537234/[3929.1686865415745, 3939.1686865415745]/[8426.977136399193, 3934.1686865415745, 1, 6115.451577746946]
HUVir/2021-04-01/-4.864200870643435/1.8112530852594852e-05/-1.882/2459305.752263983/[3928.9139341172036, 3938.9139341172036]/[4476.723166431595, 3933.9139341172036, 1, 3848.4298987277884]
HUVir/2021-04-23/-4.725596361468696/-8.699351834911119e-05/-12.5/2459327.680295672/[3928.4129765258194, 3938.4129765258194]/[6477.783827788482, 3933.4129765258194, 1, 5492.467766922895]
HUVir/2021-04-24/-8.359462945770716/-0.0001413644673173057/-13.101/2459328.731004195/[3928.2748017167146, 3938.2748017167146]/[5699.3291040504455, 3933.2748017167146, 1, 5201.942382593662]
HUVir/2021-04-25/-5.271340996115251/-0.00014183145706304478/-13.568/2459329.7373210415/[3928.209424582212, 3938.209424582212]/[6116.58770942133, 3933.209424582212, 1, 4798.523887561258]
HUVir/2021-05-04/-1.6219506920766689/-0.00012535339032053675/-17.496/2459338.7675645286/[3928.3433589577216, 3938.3433589577216]/[1551.349157424261, 3933.3433589577216, 1, 1651.1074372514834]
HUVir/2021-05-29/-0.44042413754072385/6.264333874985845e-05/-25.387/2459363.631987794/[3928.9479161149984, 3938.9479161149984]/[1016.2656352708724, 3933.9479161149984, 1, 887.7497775502551]
HUVir/2021-05-29/-6.590034421404651/6.577884132839235e-05/-25.483/2459363.6681375154/[3929.146097702667, 3939.146097702667]/[6206.39194563391, 3934.146097702667, 1, 4302.972703228674]
HUVir/2021-05-30/-5.940346345008795/0.00012938951598013892/-25.697/2459364.65690089/[3929.4650231590176, 3939.4650231590176]/[8195.287870338867, 3934.4650231590176, 1, 3680.7877796787134]
HUVir/2021-12-14/-7.943737359513406/0.00016031090843014894/29.28/2459563.0146970465/[3929.062127601713, 3939.062127601713]/[7500.622944297331, 3934.062127601713, 1, 5455.9959528721265]