[2459067.96604, nan, nan, -55.867, 0.125],
[2459068.89067, 18.967, 0.285, 9.889, 0.201],
[2459095.90753, 16.732, 0.290, 8.173, 0.337],
[2459119.85027, 22.929, 0.073, nan, nan],
[2459174.76234, 23.910, 0.092, nan, nan],
[2459175.72815, 27.337, 0.609, 16.015, 0.244],
[2459187.69326, 25.901, 0.127, nan, nan],
[2459403.94960, 25.741, 0.131, nan, nan],
[2459453.90232, 17.765, 0.148, 14.299, 0.172],
[2459490.91544, 26.674, 3.884, -38.792, 0.164],
[2459490.93452, 31.161, 0.530, 21.593, 0.596],
[2459491.79548, 17.551, 0.324, 7.941, 0.220]
